# Created by Octave 7.2.0, Tue Sep 20 16:12:38 2022 GMT <unknown@LAPTOP-IRPI9MF0>
# name: g1
# type: scalar
-8.2264532466069795


# name: x1
# type: scalar
1.5024150416415181


# name: f1
# type: scalar
-3801.4523615380758


# name: varargin
# type: cell
# rows: 1
# columns: 3
# name: <cell-element>
# type: matrix
# rows: 188
# columns: 6
 4.5909698365869502 4.4867831929861817 4.5104254562867201 3.9495 15.366523066029501 4.5029425355569979
 4.5977426701592945 4.4881051050405354 4.510528023010834 4.1113999999999997 15.37096229028862 4.4904796137339069
 4.6046700609464093 4.4897695476681552 4.5103857679468256 4.2675000000000001 15.376801379413052 4.473749706674691
 4.607866547535834 4.4897288065135958 4.5113476291238657 4.3644999999999996 15.384517024604037 4.4549494405096572
 4.6253648932736109 4.4908594025805852 4.5110472910820274 4.8484999999999996 15.382904896720692 4.4365538816950316
 4.6102572250366487 4.4947215254255406 4.5127320379493412 4.9649000000000001 15.381254229926121 4.4710786365050055
 4.6210435351443815 4.4972176472724064 4.5148159551559655 5.1050000000000004 15.385106204120964 4.465212474451401
 4.6251688724947808 4.498617181820606 4.5159033582897932 5.2484000000000002 15.390428037600099 4.4376860088484138
 4.6245805795079145 4.5030619315463429 4.5163617042635398 5.2191999999999998 15.3904083700663 4.4166055818654062
 4.6238937999861935 4.5035625085046682 4.5175488411877334 5.2183999999999999 15.393676148920909 4.4012531156374761
 4.6321041872281725 4.5062376333058438 4.5188314917875632 5.1932999999999998 15.395083931424118 4.4101888310473463
 4.6438138095802959 4.5083600117544051 4.523086864344033 4.8808999999999996 15.396182673644846 4.4458015831140054
 4.6312277203073808 4.5068306322605576 4.5223823137959664 4.5735999999999999 15.430373925961305 4.4880361896601073
 4.6358933586309323 4.5085793264634635 4.5219987723477653 4.5913000000000004 15.435146889287042 4.4784271289601971
 4.6294724785110564 4.5116177903755341 4.5246319222135769 4.4710999999999999 15.440954291094883 4.4782863635137948
 4.6192703103668729 4.5161190573915864 4.5279721367677661 4.4810999999999996 15.447044348536597 4.468494426447835
 4.6294724785110564 4.5206358476943809 4.5292964095654087 4.5205000000000002 15.452930301719292 4.4499796323460847
 4.628300603376946 4.5224295672231118 4.5312664545142836 4.3125 15.462411293213558 4.4354062511771204
 4.6127414514844096 4.5223384258544757 4.532722281313406 4.3109000000000002 15.467011103008835 4.4427406642580287
 4.6322988533763443 4.5220590839370134 4.5333120349339806 4.1074999999999999 15.473187244484993 4.4707172259936332
 4.6208466653730991 4.5249419694421817 4.535736503072342 3.77 15.482471251181959 4.4744132267756473
 4.6138325590667444 4.5255879806004327 4.5386557406641161 3.3694000000000002 15.489344418872946 4.4741180032955992
 4.6069685679294707 4.52559339475863 4.5405291529296861 3.1979000000000002 15.496160052059897 4.4599247366313497
 4.6122450996600532 4.528141398557235 4.5442829109313143 3.2980999999999998 15.502304618654589 4.4685322587920862
 4.6096600912609436 4.5331692232993284 4.5464721758129976 3.4832000000000001 15.507378418652008 4.466313783487915
 4.6113510450631727 4.5336060831457168 4.5475323866730495 3.5935999999999999 15.508485251297634 4.4566980195094379
 4.6172963657859318 4.5364157503587661 4.549906916403776 3.8155999999999999 15.512121450996105 4.4578423442422173
 4.6153185170399063 4.5388583601413712 4.5507142113852517 3.8601999999999999 15.517061180102854 4.4625622977480139
 4.6164068179140791 4.5406632376854263 4.5536272815031635 3.9626999999999999 15.523713946512229 4.4797101322937873
 4.6200587984818418 4.5407287268065231 4.5551619602828159 3.8687999999999998 15.527106784476958 4.5030244972322073
 4.61561544384963 4.5423279320421974 4.5568006133576366 3.6448 15.532618137911733 4.5151568530887909
 4.6213387671496751 4.5439796540747395 4.5580262710065655 3.4403999999999999 15.539415971294394 4.5085006827221052
 4.6233047561835736 4.5461421077674071 4.559259118240127 3.2364000000000002 15.548974732053553 4.5094772329354331
 4.6180864112546374 4.5479246860033138 4.5608652580910647 3.1259000000000001 15.553566286151407 4.5133761174133342
 4.6237956501112558 4.5480465597783404 4.5628104472449955 3.0173999999999999 15.561812129849738 4.5231637180656037
 4.6101577274991303 4.5504644442403306 4.5653214676808469 2.8715999999999999 15.567469906214749 4.5343012701155399
 4.6248747692624264 4.5543550930334815 4.5654580961290483 2.7044999999999999 15.574854439890045 4.558024069631136
 4.6268338256241179 4.5573313391727801 4.5664650119216956 2.5036 15.582994581742312 4.5718501893144454
 4.6264423212636308 4.5599712307019296 4.5681707719222659 2.4112 15.587818738169629 4.5798062230925263
 4.6229118674642482 4.5589313593872847 4.5696909766716987 2.4470000000000001 15.600227285202854 4.5867495632834903
 4.6096600912609436 4.5583653297899769 4.5710370212852869 2.2521 15.603407410216361 4.6255334404172332
 4.6129399232524522 4.5601392420877644 4.5724101893869609 2.0137 15.605810295635768 4.6271840920943808
 4.62271536520384 4.5615710053205403 4.5731867246349545 2.0760999999999998 15.612665777248885 4.6145431224584286
 4.610356712675391 4.5642518326588091 4.5747683995351762 2.2786 15.616150478998266 4.603469741050727
 4.6106551162186609 4.5669949980827571 4.5768625796743638 2.2576000000000001 15.616652044770914 4.6005083364336681
 4.6291796384484432 4.5677699347879646 4.577960332804361 2.3025000000000002 15.624798665705955 4.6153393047866196
 4.6288867126054072 4.5690040030040304 4.5790513393092374 2.4102999999999999 15.629301378188053 4.6139782805793139
 4.6283983121072989 4.5697102482455785 4.5806141390722033 2.3807999999999998 15.631812221966443 4.6416130059046274
 4.6342434334737987 4.5726801548897376 4.583002692599079 2.2162999999999999 15.634232744071898 4.6515631935578012
 4.6352143073364678 4.5740788199703886 4.5851946977523204 2.1629999999999998 15.640480406730237 4.6483130053098423
 4.637250079451503 4.5769452847049648 4.585815486357335 2.0550000000000002 15.645755213501793 4.6321888716594772
 4.6381212861277774 4.5791946232690384 4.587582627614359 2.1625999999999999 15.649304246670928 4.6145530291178831
 4.6421769116171872 4.5824670081594174 4.5887578371975932 2.2974000000000001 15.650507502089567 4.6240498384544093
 4.6423696269771977 4.583669187275313 4.590853590861208 2.4043999999999999 15.658305446666335 4.6225404457105821
 4.6437175956003305 4.5847997094960702 4.5917206450340116 2.3610000000000002 15.664096700827395 4.6285985851631821
 4.6336604563877186 4.5873903574543444 4.5938927338989721 2.302 15.668388801405159 4.6277112172939283
 4.6415021152354816 4.5879381638535452 4.5949621609346245 2.3769999999999998 15.674340340637258 4.6319532948944335
 4.6478464602685277 4.5910134506069369 4.5959498086540176 2.3161 15.681082288961377 4.6435655586415852
 4.6421769116171872 4.59099093383879 4.5973593607596319 2.3283 15.685459788451256 4.6556208754838249
 4.6343405632878714 4.5921055136038165 4.5988579053975815 2.3010000000000002 15.692961978567128 4.6694427342580154
 4.6505258877088886 4.5923409420385601 4.5994356750648517 2.3121 15.699223823060835 4.6593818178832827
 4.6437175956003305 4.5946985492786343 4.6000422606237006 2.3100000000000001 15.704445738537384 4.6535431202720963
 4.6400545878415933 4.598426901061238 4.6015398041191427 2.3348 15.707922577753989 4.6605878634029034
 4.6605102810212555 4.5997365504919241 4.6008489629375928 2.2650999999999999 15.714488865099291 4.6503500312684576
 4.6465999957512309 4.6017861666479156 4.6039943950167261 2.1932999999999998 15.722290286932621 4.6395667817758808
 4.6561484307527206 4.6035359513538054 4.6043344368470498 2.1027999999999998 15.733844526655195 4.6137948861057145
 4.6639106810106918 4.6064074202979759 4.6050948831529039 2.1680000000000001 15.743409474217735 4.6223094657994013
 4.6551025547363007 4.609108719771422 4.6066990167305821 2.2229000000000001 15.748765104502267 4.6287470544161566
