# Created by Octave 7.2.0, Tue Sep 20 16:12:38 2022 GMT <unknown@LAPTOP-IRPI9MF0>
# name: H
# type: scalar
0.014362132027668922


